32.763715130690315
33.108457545133575
-1.4378433682749545
77.30296510783086
35.65891294619189
62.7692499418838
-19.35112583671213
-18.93543288006181
67.84134822143943
-34.856581880895504
-45.3196632943035
35.60337345502725
-10.047946540307024
-6.374907635876269
90.68546792633035
99.5885427175651
14.929302528745225
81.20053551380792
50.9881195859991
23.837942640236818
-19.958778851636282
-55.17116106425233
2.296376772391298
6.818942480675034
-5.983758663892374
25.58483506671682
-65.90606322619544
45.167401201835304
-92.3338522248508
36.64067554059815
66.98222314822937
-97.03857038764173
65.96688896963349
-3.954774840528458
47.31728032686863
-43.50567692829155
65.38243998640553
32.39337622341009
93.4306935664512
10.548821399405071
-37.71246329647848
-31.139866899277237
83.91919060212126
-72.31727883873491
-43.33476874826017
-85.29292011142675
-40.067161616304745
63.79370842781199
9.825636159040002
23.251779556169254
-48.91288395665829
61.23897522134624
-54.28746876097834
11.423337886075274
28.569343600426947
-84.95688536142043
-67.56527067611668
-21.589717368721352
39.205436795377096
-1.7644740784636497
43.979547455953906
-90.4603805077048
-19.301919752621345
-90.88355572267879
61.63594420222407
6.408875844438228
40.94287314584878
-13.741574887265912
-9.524816790924135
45.42556436627024
-56.72579511382967
-73.69198679978922
-61.69266646544749
-65.70847204642871
14.688036303133828
-64.83989283673671
32.852018004024785
-90.39775799520442
25.533975228113633
44.835337574098986
-62.56767714947651
-1.3858777859041282
36.8643857249327
36.39856520969718
66.32100275013505
54.365604458968505
35.57363933535376
23.514508725764017
-2.061578385735288
65.72054710625477
37.6558072928446
-28.255802625103314
37.42206115425998
-57.46450782668448
-3.645445042229099
55.44385549033365
-10.342412594995778
-18.9651334594938
64.67412572109171
-12.864399328248993
